 &plot nbnd=   4, nks=   121 /
            0.500000  0.500000  0.500000
  -17.689  -17.689  -17.657  -17.613
            0.487500  0.487500  0.487500
  -17.689  -17.689  -17.657  -17.613
            0.475000  0.475000  0.475000
  -17.689  -17.689  -17.657  -17.613
            0.462500  0.462500  0.462500
  -17.689  -17.689  -17.657  -17.613
            0.450000  0.450000  0.450000
  -17.689  -17.689  -17.657  -17.613
            0.437500  0.437500  0.437500
  -17.689  -17.689  -17.658  -17.614
            0.425000  0.425000  0.425000
  -17.689  -17.689  -17.658  -17.614
            0.412500  0.412500  0.412500
  -17.689  -17.689  -17.658  -17.614
            0.400000  0.400000  0.400000
  -17.689  -17.689  -17.659  -17.615
            0.387500  0.387500  0.387500
  -17.688  -17.688  -17.659  -17.615
            0.375000  0.375000  0.375000
  -17.688  -17.688  -17.659  -17.615
            0.362500  0.362500  0.362500
  -17.688  -17.688  -17.660  -17.616
            0.350000  0.350000  0.350000
  -17.687  -17.687  -17.660  -17.616
            0.337500  0.337500  0.337500
  -17.687  -17.687  -17.660  -17.617
            0.325000  0.325000  0.325000
  -17.687  -17.687  -17.661  -17.618
            0.312500  0.312500  0.312500
  -17.686  -17.686  -17.661  -17.619
            0.300000  0.300000  0.300000
  -17.686  -17.686  -17.662  -17.619
            0.287500  0.287500  0.287500
  -17.686  -17.685  -17.662  -17.621
            0.275000  0.275000  0.275000
  -17.685  -17.685  -17.663  -17.622
            0.262500  0.262500  0.262500
  -17.685  -17.685  -17.663  -17.622
            0.250000  0.250000  0.250000
  -17.684  -17.684  -17.664  -17.623
            0.237500  0.237500  0.237500
  -17.684  -17.684  -17.665  -17.625
            0.225000  0.225000  0.225000
  -17.683  -17.683  -17.665  -17.626
            0.212500  0.212500  0.212500
  -17.682  -17.682  -17.666  -17.627
            0.200000  0.200000  0.200000
  -17.682  -17.682  -17.666  -17.628
            0.187500  0.187500  0.187500
  -17.681  -17.681  -17.667  -17.629
            0.175000  0.175000  0.175000
  -17.680  -17.680  -17.667  -17.631
            0.162500  0.162500  0.162500
  -17.679  -17.679  -17.668  -17.632
            0.150000  0.150000  0.150000
  -17.679  -17.678  -17.668  -17.633
            0.137500  0.137500  0.137500
  -17.678  -17.678  -17.668  -17.635
            0.125000  0.125000  0.125000
  -17.677  -17.677  -17.669  -17.636
            0.112500  0.112500  0.112500
  -17.676  -17.676  -17.669  -17.637
            0.100000  0.100000  0.100000
  -17.675  -17.675  -17.670  -17.638
            0.087500  0.087500  0.087500
  -17.675  -17.674  -17.670  -17.639
            0.075000  0.075000  0.075000
  -17.674  -17.674  -17.670  -17.640
            0.062500  0.062500  0.062500
  -17.673  -17.673  -17.671  -17.641
            0.050000  0.050000  0.050000
  -17.673  -17.673  -17.671  -17.642
            0.037500  0.037500  0.037500
  -17.672  -17.672  -17.671  -17.643
            0.025000  0.025000  0.025000
  -17.672  -17.672  -17.671  -17.644
            0.012500  0.012500  0.012500
  -17.672  -17.672  -17.671  -17.644
            0.000000  0.000000  0.000000
  -17.671  -17.671  -17.671  -17.644
            0.000000  0.000000  0.025000
  -17.672  -17.671  -17.671  -17.644
            0.000000  0.000000  0.050000
  -17.672  -17.672  -17.672  -17.644
            0.000000  0.000000  0.075000
  -17.672  -17.672  -17.672  -17.643
            0.000000  0.000000  0.100000
  -17.673  -17.672  -17.672  -17.643
            0.000000  0.000000  0.125000
  -17.673  -17.672  -17.672  -17.642
            0.000000  0.000000  0.150000
  -17.674  -17.673  -17.673  -17.641
            0.000000  0.000000  0.175000
  -17.674  -17.673  -17.673  -17.640
            0.000000  0.000000  0.200000
  -17.675  -17.674  -17.674  -17.640
            0.000000  0.000000  0.225000
  -17.675  -17.675  -17.675  -17.639
            0.000000  0.000000  0.250000
  -17.676  -17.675  -17.675  -17.637
            0.000000  0.000000  0.275000
  -17.676  -17.676  -17.676  -17.636
            0.000000  0.000000  0.300000
  -17.677  -17.677  -17.676  -17.635
            0.000000  0.000000  0.325000
  -17.678  -17.678  -17.677  -17.633
            0.000000  0.000000  0.350000
  -17.679  -17.679  -17.677  -17.631
            0.000000  0.000000  0.375000
  -17.680  -17.680  -17.676  -17.630
            0.000000  0.000000  0.400000
  -17.681  -17.681  -17.676  -17.628
            0.000000  0.000000  0.425000
  -17.682  -17.681  -17.676  -17.626
            0.000000  0.000000  0.450000
  -17.682  -17.682  -17.675  -17.624
            0.000000  0.000000  0.475000
  -17.684  -17.683  -17.675  -17.622
            0.000000  0.000000  0.500000
  -17.685  -17.685  -17.674  -17.620
            0.000000  0.000000  0.525000
  -17.686  -17.686  -17.673  -17.617
            0.000000  0.000000  0.550000
  -17.686  -17.686  -17.672  -17.615
            0.000000  0.000000  0.575000
  -17.687  -17.687  -17.671  -17.612
            0.000000  0.000000  0.600000
  -17.689  -17.688  -17.669  -17.610
            0.000000  0.000000  0.625000
  -17.689  -17.689  -17.668  -17.607
            0.000000  0.000000  0.650000
  -17.690  -17.690  -17.666  -17.604
            0.000000  0.000000  0.675000
  -17.691  -17.691  -17.665  -17.602
            0.000000  0.000000  0.700000
  -17.692  -17.692  -17.663  -17.599
            0.000000  0.000000  0.725000
  -17.693  -17.693  -17.661  -17.596
            0.000000  0.000000  0.750000
  -17.694  -17.694  -17.659  -17.593
            0.000000  0.000000  0.775000
  -17.694  -17.694  -17.656  -17.597
            0.000000  0.000000  0.800000
  -17.694  -17.694  -17.654  -17.601
            0.000000  0.000000  0.825000
  -17.695  -17.695  -17.651  -17.605
            0.000000  0.000000  0.850000
  -17.696  -17.696  -17.649  -17.609
            0.000000  0.000000  0.875000
  -17.696  -17.696  -17.646  -17.613
            0.000000  0.000000  0.900000
  -17.696  -17.696  -17.643  -17.616
            0.000000  0.000000  0.925000
  -17.697  -17.697  -17.640  -17.620
            0.000000  0.000000  0.950000
  -17.697  -17.697  -17.637  -17.623
            0.000000  0.000000  0.975000
  -17.697  -17.697  -17.634  -17.627
            0.000000  0.000000  1.000000
  -17.697  -17.697  -17.630  -17.630
           -0.005625  0.006875  1.000625
  -17.697  -17.697  -17.630  -17.630
           -0.011250  0.013750  1.001250
  -17.697  -17.697  -17.630  -17.630
           -0.016875  0.020625  1.001875
  -17.697  -17.697  -17.630  -17.630
           -0.022500  0.027500  1.002500
  -17.697  -17.697  -17.630  -17.630
           -0.028125  0.034375  1.003125
  -17.697  -17.697  -17.630  -17.629
           -0.033750  0.041250  1.003750
  -17.697  -17.697  -17.630  -17.629
           -0.039375  0.048125  1.004375
  -17.698  -17.697  -17.630  -17.628
           -0.045000  0.055000  1.005000
  -17.698  -17.697  -17.630  -17.628
           -0.050625  0.061875  1.005625
  -17.698  -17.697  -17.630  -17.627
           -0.056250  0.068750  1.006250
  -17.698  -17.697  -17.630  -17.626
           -0.061875  0.075625  1.006875
  -17.699  -17.697  -17.630  -17.626
           -0.067500  0.082500  1.007500
  -17.699  -17.697  -17.630  -17.625
           -0.073125  0.089375  1.008125
  -17.699  -17.697  -17.630  -17.624
           -0.078750  0.096250  1.008750
  -17.700  -17.697  -17.630  -17.623
           -0.084375  0.103125  1.009375
  -17.700  -17.697  -17.630  -17.622
           -0.090000  0.110000  1.010000
  -17.701  -17.697  -17.630  -17.621
           -0.095625  0.116875  1.010625
  -17.701  -17.697  -17.630  -17.620
           -0.101250  0.123750  1.011250
  -17.701  -17.697  -17.630  -17.619
           -0.106875  0.130625  1.011875
  -17.702  -17.697  -17.630  -17.618
           -0.112500  0.137500  1.012500
  -17.702  -17.697  -17.630  -17.616
           -0.118125  0.144375  1.013125
  -17.702  -17.697  -17.630  -17.615
           -0.123750  0.151250  1.013750
  -17.703  -17.697  -17.630  -17.614
           -0.129375  0.158125  1.014375
  -17.703  -17.697  -17.630  -17.613
           -0.135000  0.165000  1.015000
  -17.704  -17.697  -17.630  -17.611
           -0.140625  0.171875  1.015625
  -17.704  -17.697  -17.630  -17.610
           -0.146250  0.178750  1.016250
  -17.704  -17.697  -17.630  -17.609
           -0.151875  0.185625  1.016875
  -17.705  -17.697  -17.630  -17.607
           -0.157500  0.192500  1.017500
  -17.705  -17.697  -17.630  -17.606
           -0.163125  0.199375  1.018125
  -17.706  -17.697  -17.630  -17.604
           -0.168750  0.206250  1.018750
  -17.706  -17.697  -17.630  -17.603
           -0.174375  0.213125  1.019375
  -17.706  -17.697  -17.629  -17.601
           -0.180000  0.220000  1.020000
  -17.707  -17.697  -17.629  -17.600
           -0.185625  0.226875  1.020625
  -17.707  -17.697  -17.629  -17.598
           -0.191250  0.233750  1.021250
  -17.707  -17.697  -17.629  -17.597
           -0.196875  0.240625  1.021875
  -17.707  -17.697  -17.629  -17.595
           -0.202500  0.247500  1.022500
  -17.708  -17.697  -17.629  -17.593
           -0.208125  0.254375  1.023125
  -17.708  -17.697  -17.629  -17.592
           -0.213750  0.261250  1.023750
  -17.708  -17.697  -17.629  -17.590
           -0.219375  0.268125  1.024375
  -17.708  -17.697  -17.629  -17.589
           -0.225000  0.275000  1.025000
  -17.708  -17.697  -17.629  -17.587
