 &plot nbnd=  14, nks=   121 /
            0.500000  0.500000  0.500000
  -17.689  -17.689  -17.657  -17.613  -17.613  -17.518  -17.518  -17.503  -17.460  -17.460
   -3.096   -0.099    5.786    5.786
            0.487500  0.487500  0.487500
  -17.689  -17.689  -17.657  -17.613  -17.613  -17.518  -17.518  -17.503  -17.460  -17.460
   -3.102   -0.090    5.787    5.787
            0.475000  0.475000  0.475000
  -17.689  -17.689  -17.657  -17.613  -17.613  -17.518  -17.518  -17.503  -17.460  -17.460
   -3.119   -0.062    5.791    5.791
            0.462500  0.462500  0.462500
  -17.689  -17.689  -17.657  -17.613  -17.613  -17.518  -17.518  -17.503  -17.460  -17.460
   -3.147   -0.017    5.797    5.797
            0.450000  0.450000  0.450000
  -17.689  -17.689  -17.657  -17.613  -17.613  -17.518  -17.518  -17.503  -17.460  -17.460
   -3.185    0.045    5.805    5.805
            0.437500  0.437500  0.437500
  -17.689  -17.689  -17.658  -17.614  -17.614  -17.518  -17.518  -17.503  -17.460  -17.460
   -3.232    0.122    5.816    5.816
            0.425000  0.425000  0.425000
  -17.689  -17.689  -17.658  -17.614  -17.614  -17.518  -17.518  -17.502  -17.460  -17.460
   -3.286    0.214    5.830    5.830
            0.412500  0.412500  0.412500
  -17.689  -17.689  -17.658  -17.614  -17.614  -17.517  -17.517  -17.502  -17.460  -17.460
   -3.345    0.318    5.845    5.845
            0.400000  0.400000  0.400000
  -17.689  -17.689  -17.659  -17.615  -17.615  -17.517  -17.517  -17.502  -17.461  -17.461
   -3.410    0.434    5.864    5.864
            0.387500  0.387500  0.387500
  -17.688  -17.688  -17.659  -17.615  -17.615  -17.517  -17.517  -17.501  -17.461  -17.461
   -3.478    0.559    5.884    5.884
            0.375000  0.375000  0.375000
  -17.688  -17.688  -17.659  -17.615  -17.615  -17.516  -17.516  -17.501  -17.461  -17.461
   -3.549    0.695    5.907    5.907
            0.362500  0.362500  0.362500
  -17.688  -17.688  -17.660  -17.616  -17.616  -17.516  -17.516  -17.500  -17.461  -17.461
   -3.621    0.838    5.932    5.932
            0.350000  0.350000  0.350000
  -17.687  -17.687  -17.660  -17.616  -17.616  -17.516  -17.516  -17.500  -17.461  -17.461
   -3.694    0.989    5.959    5.959
            0.337500  0.337500  0.337500
  -17.687  -17.687  -17.660  -17.617  -17.617  -17.515  -17.515  -17.499  -17.462  -17.462
   -3.768    1.147    5.989    5.989
            0.325000  0.325000  0.325000
  -17.687  -17.687  -17.661  -17.618  -17.618  -17.515  -17.515  -17.499  -17.462  -17.462
   -3.841    1.311    6.021    6.021
            0.312500  0.312500  0.312500
  -17.686  -17.686  -17.661  -17.619  -17.619  -17.514  -17.514  -17.498  -17.463  -17.463
   -3.914    1.480    6.055    6.055
            0.300000  0.300000  0.300000
  -17.686  -17.686  -17.662  -17.619  -17.619  -17.513  -17.513  -17.498  -17.463  -17.463
   -3.985    1.655    6.091    6.091
            0.287500  0.287500  0.287500
  -17.686  -17.686  -17.662  -17.621  -17.621  -17.513  -17.513  -17.497  -17.464  -17.464
   -4.055    1.834    6.128    6.128
            0.275000  0.275000  0.275000
  -17.685  -17.685  -17.663  -17.622  -17.622  -17.512  -17.512  -17.496  -17.464  -17.464
   -4.123    2.018    6.168    6.168
            0.262500  0.262500  0.262500
  -17.685  -17.685  -17.663  -17.622  -17.622  -17.511  -17.511  -17.496  -17.465  -17.465
   -4.189    2.205    6.210    6.210
            0.250000  0.250000  0.250000
  -17.684  -17.684  -17.664  -17.623  -17.623  -17.510  -17.510  -17.495  -17.465  -17.465
   -4.253    2.396    6.253    6.253
            0.237500  0.237500  0.237500
  -17.684  -17.684  -17.665  -17.625  -17.625  -17.510  -17.510  -17.495  -17.466  -17.466
   -4.315    2.590    6.298    6.298
            0.225000  0.225000  0.225000
  -17.683  -17.683  -17.665  -17.626  -17.626  -17.509  -17.509  -17.494  -17.467  -17.467
   -4.374    2.787    6.344    6.344
            0.212500  0.212500  0.212500
  -17.682  -17.682  -17.666  -17.627  -17.627  -17.507  -17.507  -17.494  -17.468  -17.468
   -4.430    2.987    6.391    6.391
            0.200000  0.200000  0.200000
  -17.682  -17.682  -17.666  -17.628  -17.628  -17.506  -17.506  -17.493  -17.468  -17.468
   -4.484    3.189    6.439    6.439
            0.187500  0.187500  0.187500
  -17.681  -17.681  -17.667  -17.629  -17.629  -17.505  -17.505  -17.492  -17.469  -17.469
   -4.535    3.393    6.488    6.488
            0.175000  0.175000  0.175000
  -17.680  -17.680  -17.667  -17.631  -17.631  -17.504  -17.504  -17.492  -17.470  -17.470
   -4.582    3.598    6.538    6.538
            0.162500  0.162500  0.162500
  -17.679  -17.679  -17.668  -17.632  -17.632  -17.503  -17.503  -17.491  -17.471  -17.471
   -4.627    3.805    6.587    6.587
            0.150000  0.150000  0.150000
  -17.679  -17.679  -17.668  -17.633  -17.633  -17.502  -17.502  -17.490  -17.472  -17.472
   -4.669    4.012    6.637    6.637
            0.137500  0.137500  0.137500
  -17.678  -17.678  -17.668  -17.635  -17.635  -17.501  -17.501  -17.490  -17.473  -17.473
   -4.707    4.219    6.686    6.686
            0.125000  0.125000  0.125000
  -17.677  -17.677  -17.669  -17.636  -17.636  -17.499  -17.499  -17.490  -17.474  -17.474
   -4.742    4.426    6.733    6.733
            0.112500  0.112500  0.112500
  -17.676  -17.676  -17.670  -17.637  -17.637  -17.498  -17.498  -17.489  -17.475  -17.475
   -4.774    4.632    6.779    6.779
            0.100000  0.100000  0.100000
  -17.675  -17.675  -17.670  -17.638  -17.638  -17.497  -17.497  -17.489  -17.476  -17.476
   -4.803    4.836    6.823    6.823
            0.087500  0.087500  0.087500
  -17.675  -17.675  -17.670  -17.639  -17.639  -17.495  -17.495  -17.488  -17.477  -17.477
   -4.828    5.036    6.865    6.865
            0.075000  0.075000  0.075000
  -17.674  -17.674  -17.670  -17.640  -17.640  -17.494  -17.494  -17.488  -17.478  -17.478
   -4.850    5.231    6.902    6.902
            0.062500  0.062500  0.062500
  -17.673  -17.673  -17.671  -17.641  -17.641  -17.493  -17.493  -17.488  -17.480  -17.480
   -4.869    5.420    6.936    6.936
            0.050000  0.050000  0.050000
  -17.673  -17.673  -17.671  -17.642  -17.642  -17.492  -17.492  -17.488  -17.481  -17.481
   -4.884    5.597    6.965    6.965
            0.037500  0.037500  0.037500
  -17.672  -17.672  -17.671  -17.643  -17.643  -17.490  -17.490  -17.488  -17.482  -17.482
   -4.896    5.759    6.988    6.988
            0.025000  0.025000  0.025000
  -17.672  -17.672  -17.671  -17.644  -17.644  -17.489  -17.489  -17.488  -17.483  -17.483
   -4.905    5.894    7.005    7.005
            .012500  0.012500  0.012500
  -17.672  -17.672  -17.671  -17.644  -17.644  -17.488  -17.488  -17.488  -17.484  -17.484
   -4.910    5.989    7.015    7.015
            0.000000  0.000000  0.000000
  -17.671  -17.671  -17.671  -17.644  -17.644  -17.488  -17.488  -17.488  -17.485  -17.485
   -4.912    6.023    7.019    7.019
            0.000000  0.000000  0.025000
  -17.672  -17.671  -17.671  -17.644  -17.644  -17.489  -17.488  -17.488  -17.485  -17.484
   -4.909    5.978    7.008    7.008
            0.000000  0.000000  0.050000
  -17.672  -17.672  -17.672  -17.644  -17.643  -17.491  -17.487  -17.487  -17.485  -17.482
   -4.903    5.860    6.976    6.976
            0.000000  0.000000  0.075000
  -17.672  -17.672  -17.672  -17.643  -17.642  -17.493  -17.487  -17.487  -17.485  -17.480
   -4.891    5.700    6.926    6.926
            0.000000  0.000000  0.100000
  -17.673  -17.672  -17.672  -17.643  -17.641  -17.496  -17.486  -17.486  -17.486  -17.478
   -4.875    5.518    6.859    6.859
            0.000000  0.000000  0.125000
  -17.673  -17.672  -17.672  -17.642  -17.639  -17.499  -17.486  -17.486  -17.486  -17.477
   -4.855    5.324    6.780    6.780
            0.000000  0.000000  0.150000
  -17.674  -17.673  -17.673  -17.642  -17.637  -17.502  -17.487  -17.485  -17.485  -17.475
   -4.830    5.124    6.690    6.690
            0.000000  0.000000  0.175000
  -17.674  -17.673  -17.673  -17.641  -17.635  -17.505  -17.487  -17.484  -17.484  -17.474
   -4.800    4.919    6.593    6.593
            0.000000  0.000000  0.200000
  -17.675  -17.674  -17.674  -17.640  -17.632  -17.508  -17.488  -17.483  -17.483  -17.473
   -4.766    4.713    6.490    6.490
            0.000000  0.000000  0.225000
  -17.675  -17.675  -17.675  -17.639  -17.630  -17.511  -17.489  -17.482  -17.482  -17.472
   -4.728    4.505    6.384    6.384
            0.000000  0.000000  0.250000
  -17.676  -17.675  -17.675  -17.637  -17.627  -17.514  -17.490  -17.481  -17.481  -17.471
   -4.685    4.297    6.276    6.276
            0.000000  0.000000  0.275000
  -17.676  -17.676  -17.676  -17.636  -17.624  -17.518  -17.491  -17.480  -17.480  -17.470
   -4.637    4.088    6.167    6.167
            0.000000  0.000000  0.300000
  -17.677  -17.677  -17.676  -17.635  -17.621  -17.521  -17.493  -17.479  -17.479  -17.470
   -4.585    3.880    6.058    6.058
            0.000000  0.000000  0.325000
  -17.678  -17.678  -17.677  -17.633  -17.618  -17.525  -17.494  -17.477  -17.477  -17.470
   -4.529    3.672    5.950    5.950
            0.000000  0.000000  0.350000
  -17.679  -17.679  -17.677  -17.631  -17.615  -17.529  -17.496  -17.476  -17.476  -17.470
   -4.468    3.464    5.843    5.843
            0.000000  0.000000  0.375000
  -17.680  -17.680  -17.676  -17.630  -17.612  -17.532  -17.497  -17.475  -17.475  -17.470
   -4.403    3.257    5.738    5.738
            0.000000  0.000000  0.400000
  -17.681  -17.681  -17.676  -17.628  -17.608  -17.536  -17.499  -17.473  -17.473  -17.470
   -4.333    3.051    5.635    5.635
            0.000000  0.000000  0.425000
  -17.682  -17.682  -17.676  -17.626  -17.605  -17.540  -17.501  -17.472  -17.472  -17.471
   -4.259    2.845    5.535    5.535
            0.000000  0.000000  0.450000
  -17.683  -17.683  -17.675  -17.624  -17.601  -17.544  -17.503  -17.471  -17.470  -17.470
   -4.181    2.641    5.438    5.438
            0.000000  0.000000  0.475000
  -17.684  -17.684  -17.675  -17.622  -17.598  -17.548  -17.505  -17.472  -17.469  -17.469
   -4.099    2.437    5.345    5.345
            0.000000  0.000000  0.500000
  -17.685  -17.685  -17.674  -17.620  -17.594  -17.552  -17.507  -17.473  -17.468  -17.468
   -4.012    2.235    5.254    5.254
            0.000000  0.000000  0.525000
  -17.686  -17.686  -17.673  -17.617  -17.590  -17.556  -17.509  -17.474  -17.466  -17.466
   -3.921    2.034    5.168    5.168
            0.000000  0.000000  0.550000
  -17.686  -17.686  -17.672  -17.615  -17.587  -17.560  -17.511  -17.475  -17.465  -17.465
   -3.826    1.834    5.085    5.085
            0.000000  0.000000  0.575000
  -17.687  -17.687  -17.671  -17.612  -17.583  -17.564  -17.514  -17.476  -17.463  -17.463
   -3.727    1.635    5.005    5.005
            0.000000  0.000000  0.600000
  -17.689  -17.689  -17.669  -17.610  -17.579  -17.568  -17.516  -17.478  -17.462  -17.462
   -3.623    1.438    4.930    4.930
            0.000000  0.000000  0.625000
  -17.689  -17.689  -17.668  -17.607  -17.575  -17.572  -17.519  -17.480  -17.461  -17.461
   -3.516    1.242    4.859    4.859
            0.000000  0.000000  0.650000
  -17.690  -17.690  -17.666  -17.605  -17.577  -17.572  -17.521  -17.481  -17.459  -17.459
   -3.404    1.048    4.793    4.793
            0.000000  0.000000  0.675000
  -17.691  -17.691  -17.665  -17.602  -17.581  -17.568  -17.524  -17.483  -17.458  -17.458
   -3.289    0.855    4.730    4.730
            0.000000  0.000000  0.700000
  -17.692  -17.692  -17.663  -17.599  -17.585  -17.564  -17.527  -17.486  -17.457  -17.457
   -3.170    0.664    4.672    4.672
            0.000000  0.000000  0.725000
  -17.693  -17.693  -17.661  -17.596  -17.589  -17.560  -17.529  -17.488  -17.456  -17.456
   -3.047    0.475    4.619    4.619
            0.000000  0.000000  0.750000
  -17.694  -17.694  -17.659  -17.593  -17.593  -17.556  -17.532  -17.490  -17.455  -17.455
   -2.920    0.288    4.569    4.569
            0.000000  0.000000  0.775000
  -17.694  -17.694  -17.656  -17.597  -17.590  -17.552  -17.535  -17.493  -17.454  -17.454
   -2.790    0.102    4.525    4.525
            0.000000  0.000000  0.800000
  -17.694  -17.694  -17.654  -17.601  -17.587  -17.548  -17.538  -17.495  -17.453  -17.453
   -2.656   -0.081    4.485    4.485
            0.000000  0.000000  0.825000
  -17.695  -17.695  -17.651  -17.605  -17.584  -17.545  -17.541  -17.498  -17.452  -17.452
   -2.518   -0.262    4.449    4.449
            0.000000  0.000000  0.850000
  -17.696  -17.696  -17.649  -17.609  -17.581  -17.544  -17.541  -17.501  -17.452  -17.452
   -2.377   -0.441    4.419    4.419
            0.000000  0.000000  0.875000
  -17.696  -17.696  -17.646  -17.613  -17.578  -17.547  -17.537  -17.504  -17.451  -17.451
   -2.232   -0.617    4.393    4.393
            0.000000  0.000000  0.900000
  -17.696  -17.696  -17.643  -17.616  -17.575  -17.550  -17.534  -17.507  -17.450  -17.450
   -2.085   -0.791    4.371    4.371
            0.000000  0.000000  0.925000
  -17.697  -17.697  -17.640  -17.620  -17.572  -17.553  -17.530  -17.510  -17.450  -17.450
   -1.933   -0.963    4.355    4.355
            0.000000  0.000000  0.950000
  -17.697  -17.697  -17.637  -17.623  -17.568  -17.556  -17.527  -17.513  -17.450  -17.450
   -1.779   -1.132    4.343    4.343
            0.000000  0.000000  0.975000
  -17.697  -17.697  -17.634  -17.627  -17.565  -17.559  -17.523  -17.516  -17.450  -17.450
   -1.622   -1.298    4.336    4.336
            0.000000  0.000000  1.000000
  -17.697  -17.697  -17.630  -17.630  -17.562  -17.562  -17.520  -17.520  -17.449  -17.449
   -1.461   -1.461    4.333    4.333
           -0.005625  0.006875  1.000625
  -17.697  -17.697  -17.630  -17.630  -17.562  -17.562  -17.520  -17.520  -17.449  -17.449
   -1.465   -1.457    4.332    4.333
           -0.011250  0.013750  1.001250
  -17.697  -17.697  -17.630  -17.630  -17.562  -17.562  -17.520  -17.519  -17.449  -17.449
   -1.469   -1.453    4.327    4.334
           -0.016875  0.020625  1.001875
  -17.697  -17.697  -17.630  -17.630  -17.563  -17.562  -17.520  -17.519  -17.449  -17.449
   -1.473   -1.448    4.319    4.335
           -0.022500  0.027500  1.002500
  -17.697  -17.697  -17.630  -17.630  -17.563  -17.562  -17.520  -17.520  -17.449  -17.449
   -1.477   -1.444    4.307    4.337
           -0.028125  0.034375  1.003125
  -17.697  -17.697  -17.630  -17.629  -17.563  -17.562  -17.521  -17.520  -17.449  -17.449
   -1.481   -1.439    4.293    4.339
           -0.033750  0.041250  1.003750
  -17.697  -17.697  -17.630  -17.629  -17.563  -17.562  -17.521  -17.520  -17.449  -17.449
   -1.486   -1.433    4.276    4.342
           -0.039375  0.048125  1.004375
  -17.698  -17.697  -17.630  -17.628  -17.563  -17.562  -17.522  -17.520  -17.449  -17.449
   -1.490   -1.427    4.256    4.345
           -0.045000  0.055000  1.005000
  -17.698  -17.697  -17.630  -17.628  -17.563  -17.562  -17.522  -17.520  -17.450  -17.449
   -1.495   -1.421    4.234    4.348
           -0.050625  0.061875  1.005625
  -17.698  -17.697  -17.630  -17.627  -17.563  -17.562  -17.523  -17.520  -17.449  -17.448
   -1.500   -1.414    4.210    4.352
           -0.056250  0.068750  1.006250
  -17.698  -17.697  -17.630  -17.626  -17.563  -17.562  -17.523  -17.520  -17.450  -17.448
   -1.505   -1.407    4.183    4.357
           -0.061875  0.075625  1.006875
  -17.699  -17.697  -17.630  -17.626  -17.564  -17.562  -17.524  -17.520  -17.450  -17.448
   -1.511   -1.399    4.155    4.362
           -0.067500  0.082500  1.007500
  -17.699  -17.697  -17.630  -17.625  -17.564  -17.562  -17.525  -17.520  -17.450  -17.448
   -1.517   -1.391    4.124    4.367
           -0.073125  0.089375  1.008125
  -17.699  -17.697  -17.630  -17.624  -17.564  -17.561  -17.526  -17.520  -17.450  -17.447
   -1.524   -1.382    4.093    4.373
           -0.078750  0.096250  1.008750
  -17.700  -17.697  -17.630  -17.623  -17.564  -17.561  -17.526  -17.520  -17.450  -17.447
   -1.531   -1.373    4.060    4.379
           -0.084375  0.103125  1.009375
  -17.700  -17.697  -17.630  -17.622  -17.564  -17.561  -17.527  -17.520  -17.450  -17.447
   -1.538   -1.363    4.027    4.386
           -0.090000  0.110000  1.010000
  -17.701  -17.697  -17.630  -17.621  -17.564  -17.561  -17.528  -17.520  -17.450  -17.446
   -1.546   -1.352    3.992    4.393
           -0.095625  0.116875  1.010625
  -17.701  -17.697  -17.630  -17.620  -17.565  -17.561  -17.529  -17.520  -17.450  -17.446
   -1.555   -1.341    3.957    4.401
           -0.101250  0.123750  1.011250
  -17.701  -17.697  -17.630  -17.619  -17.565  -17.561  -17.530  -17.520  -17.450  -17.446
   -1.564   -1.330    3.922    4.409
           -0.106875  0.130625  1.011875
  -17.702  -17.697  -17.630  -17.618  -17.565  -17.561  -17.531  -17.520  -17.450  -17.445
   -1.573   -1.317    3.886    4.417
           -0.112500  0.137500  1.012500
  -17.702  -17.697  -17.630  -17.617  -17.565  -17.561  -17.532  -17.520  -17.449  -17.445
   -1.583   -1.304    3.850    4.426
           -0.118125  0.144375  1.013125
  -17.702  -17.697  -17.630  -17.615  -17.565  -17.560  -17.534  -17.520  -17.449  -17.444
   -1.594   -1.291    3.814    4.436
           -0.123750  0.151250  1.013750
  -17.703  -17.697  -17.630  -17.614  -17.566  -17.560  -17.535  -17.520  -17.449  -17.444
   -1.605   -1.276    3.778    4.446
           -0.129375  0.158125  1.014375
  -17.703  -17.697  -17.630  -17.613  -17.566  -17.560  -17.536  -17.520  -17.449  -17.444
   -1.617   -1.261    3.743    4.456
           -0.135000  0.165000  1.015000
  -17.704  -17.697  -17.630  -17.611  -17.566  -17.560  -17.537  -17.520  -17.449  -17.443
   -1.629   -1.246    3.708    4.467
           -0.140625  0.171875  1.015625
  -17.704  -17.697  -17.630  -17.610  -17.566  -17.560  -17.539  -17.520  -17.449  -17.443
   -1.642   -1.230    3.673    4.478
           -0.146250  0.178750  1.016250
  -17.704  -17.697  -17.630  -17.609  -17.567  -17.560  -17.540  -17.520  -17.449  -17.443
   -1.656   -1.213    3.640    4.490
           -0.151875  0.185625  1.016875
  -17.705  -17.697  -17.630  -17.607  -17.567  -17.559  -17.541  -17.520  -17.449  -17.442
   -1.670   -1.196    3.607    4.502
           -0.157500  0.192500  1.017500
  -17.705  -17.697  -17.630  -17.606  -17.567  -17.559  -17.543  -17.520  -17.449  -17.442
   -1.685   -1.178    3.574    4.514
           -0.163125  0.199375  1.018125
  -17.706  -17.697  -17.630  -17.604  -17.568  -17.559  -17.544  -17.520  -17.449  -17.442
   -1.701   -1.159    3.543    4.527
           -0.168750  0.206250  1.018750
  -17.706  -17.697  -17.630  -17.603  -17.568  -17.559  -17.545  -17.520  -17.449  -17.441
   -1.717   -1.140    3.512    4.541
           -0.174375  0.213125  1.019375
  -17.706  -17.697  -17.629  -17.601  -17.568  -17.559  -17.547  -17.520  -17.449  -17.441
   -1.734   -1.120    3.483    4.554
           -0.180000  0.220000  1.020000
  -17.707  -17.697  -17.629  -17.600  -17.569  -17.558  -17.548  -17.520  -17.449  -17.441
   -1.752   -1.099    3.455    4.568
           -0.185625  0.226875  1.020625
  -17.707  -17.697  -17.629  -17.598  -17.569  -17.558  -17.550  -17.520  -17.449  -17.441
   -1.770   -1.078    3.427    4.583
           -0.191250  0.233750  1.021250
  -17.707  -17.697  -17.629  -17.597  -17.569  -17.558  -17.551  -17.520  -17.449  -17.440
   -1.790   -1.056    3.402    4.598
           -0.196875  0.240625  1.021875
  -17.707  -17.697  -17.629  -17.595  -17.570  -17.558  -17.552  -17.520  -17.449  -17.440
   -1.809   -1.034    3.377    4.613
           -0.202500  0.247500  1.022500
  -17.708  -17.697  -17.629  -17.593  -17.570  -17.557  -17.554  -17.520  -17.449  -17.440
   -1.830   -1.010    3.353    4.629
           -0.208125  0.254375  1.023125
  -17.708  -17.697  -17.629  -17.592  -17.570  -17.557  -17.555  -17.520  -17.449  -17.440
   -1.851   -0.987    3.331    4.645
           -0.213750  0.261250  1.023750
  -17.708  -17.697  -17.629  -17.590  -17.571  -17.557  -17.557  -17.521  -17.449  -17.440
   -1.873   -0.962    3.311    4.662
           -0.219375  0.268125  1.024375
  -17.708  -17.697  -17.629  -17.589  -17.571  -17.558  -17.557  -17.521  -17.449  -17.439
   -1.896   -0.937    3.291    4.679
           -0.225000  0.275000  1.025000
  -17.708  -17.697  -17.629  -17.587  -17.572  -17.560  -17.556  -17.521  -17.449  -17.439
   -1.919   -0.911    3.273    4.696
