 &plot nbnd=   4, nks=   121 /
            0.500000  0.500000  0.500000
   -3.896   -0.917    8.521    8.521
            0.487500  0.487500  0.487500
   -3.924   -0.882    8.523    8.523
            0.475000  0.475000  0.475000
   -4.003   -0.782    8.531    8.531
            0.462500  0.462500  0.462500
   -4.126   -0.626    8.543    8.543
            0.450000  0.450000  0.450000
   -4.281   -0.425    8.561    8.561
            0.437500  0.437500  0.437500
   -4.457   -0.188    8.583    8.583
            0.425000  0.425000  0.425000
   -4.648    0.055    8.569    8.569
            0.412500  0.412500  0.412500
   -4.847    0.336    8.599    8.599
            0.400000  0.400000  0.400000
   -5.051    0.635    8.635    8.635
            0.387500  0.387500  0.387500
   -5.257    0.948    8.674    8.674
            0.375000  0.375000  0.375000
   -5.462    1.273    8.719    8.719
            0.362500  0.362500  0.362500
   -5.665    1.609    8.768    8.768
            0.350000  0.350000  0.350000
   -5.866    1.954    8.822    8.822
            0.337500  0.337500  0.337500
   -6.062    2.306    8.880    8.880
            0.325000  0.325000  0.325000
   -6.253    2.665    8.942    8.942
            0.312500  0.312500  0.312500
   -6.439    3.031    9.009    9.009
            0.300000  0.300000  0.300000
   -6.619    3.402    9.080    9.080
            0.287500  0.287500  0.287500
   -6.794    3.777    9.155    9.155
            0.275000  0.275000  0.275000
   -6.961    4.157    9.233    9.233
            0.262500  0.262500  0.262500
   -7.123    4.540    9.315    9.315
            0.250000  0.250000  0.250000
   -7.275    4.930    9.427    9.427
            0.237500  0.237500  0.237500
   -7.423    5.318    9.515    9.515
            0.225000  0.225000  0.225000
   -7.563    5.707    9.606    9.606
            0.212500  0.212500  0.212500
   -7.697    6.096    9.700    9.700
            0.200000  0.200000  0.200000
   -7.823    6.485    9.796    9.796
            0.187500  0.187500  0.187500
   -7.942    6.851    9.886    9.886
            0.175000  0.175000  0.175000
   -8.053    7.235    9.984    9.984
            0.162500  0.162500  0.162500
   -8.157    7.616   10.083   10.083
            0.150000  0.150000  0.150000
   -8.253    7.991   10.181   10.181
            0.137500  0.137500  0.137500
   -8.342    8.358   10.278   10.278
            0.125000  0.125000  0.125000
   -8.421    8.723   10.474   10.474
            0.112500  0.112500  0.112500
   -8.495    9.070   10.562   10.562
            0.100000  0.100000  0.100000
   -8.561    9.392   10.646   10.646
            0.087500  0.087500  0.087500
   -8.618    9.785   10.736   10.736
            0.075000  0.075000  0.075000
   -8.669   10.077   10.808   10.808
            0.062500  0.062500  0.062500
   -8.711   10.348   10.872   10.872
            0.050000  0.050000  0.050000
   -8.746   10.579   10.927   10.927
            0.037500  0.037500  0.037500
   -8.774   10.769   10.971   10.971
            0.025000  0.025000  0.025000
   -8.793   10.911   11.003   11.003
            0.012500  0.012500  0.012500
   -8.805   10.999   11.023   11.023
            0.000000  0.000000  0.000000
   -8.809   11.029   11.029   11.029
            0.000000  0.000000  0.025000
   -8.804   11.009   11.009   11.013
            0.000000  0.000000  0.050000
   -8.788   10.948   10.948   10.964
            0.000000  0.000000  0.075000
   -8.762   10.851   10.851   10.883
            0.000000  0.000000  0.100000
   -8.726   10.723   10.723   10.773
            0.000000  0.000000  0.125000
   -8.679   10.569   10.569   10.634
            0.000000  0.000000  0.150000
   -8.623   10.362   10.384   10.384
            0.000000  0.000000  0.175000
   -8.556   10.173   10.192   10.192
            0.000000  0.000000  0.200000
   -8.478    9.962    9.989    9.989
            0.000000  0.000000  0.225000
   -8.390    9.732    9.780    9.780
            0.000000  0.000000  0.250000
   -8.294    9.470    9.559    9.559
            0.000000  0.000000  0.275000
   -8.186    9.208    9.342    9.342
            0.000000  0.000000  0.300000
   -8.067    8.931    9.124    9.124
            0.000000  0.000000  0.325000
   -7.939    8.643    8.906    8.906
            0.000000  0.000000  0.350000
   -7.800    8.342    8.691    8.691
            0.000000  0.000000  0.375000
   -7.652    8.032    8.479    8.479
            0.000000  0.000000  0.400000
   -7.493    7.714    8.302    8.302
            0.000000  0.000000  0.425000
   -7.324    7.386    8.100    8.100
            0.000000  0.000000  0.450000
   -7.146    7.050    7.904    7.904
            0.000000  0.000000  0.475000
   -6.958    6.708    7.713    7.713
            0.000000  0.000000  0.500000
   -6.760    6.359    7.529    7.529
            0.000000  0.000000  0.525000
   -6.552    6.005    7.352    7.352
            0.000000  0.000000  0.550000
   -6.335    5.646    7.183    7.183
            0.000000  0.000000  0.575000
   -6.109    5.283    7.021    7.021
            0.000000  0.000000  0.600000
   -5.873    4.916    6.868    6.868
            0.000000  0.000000  0.625000
   -5.629    4.545    6.723    6.723
            0.000000  0.000000  0.650000
   -5.375    4.172    6.586    6.586
            0.000000  0.000000  0.675000
   -5.113    3.884    6.465    6.465
            0.000000  0.000000  0.700000
   -4.841    3.499    6.346    6.346
            0.000000  0.000000  0.725000
   -4.562    3.114    6.236    6.236
            0.000000  0.000000  0.750000
   -4.274    2.729    6.135    6.135
            0.000000  0.000000  0.775000
   -3.977    2.345    6.044    6.044
            0.000000  0.000000  0.800000
   -3.673    1.961    5.962    5.962
            0.000000  0.000000  0.825000
   -3.361    1.578    5.889    5.889
            0.000000  0.000000  0.850000
   -3.042    1.198    5.827    5.827
            0.000000  0.000000  0.875000
   -2.716    0.819    5.774    5.774
            0.000000  0.000000  0.900000
   -2.403    0.444    5.701    5.701
            0.000000  0.000000  0.925000
   -2.064    0.072    5.667    5.667
            0.000000  0.000000  0.950000
   -1.719   -0.308    5.642    5.642
            0.000000  0.000000  0.975000
   -1.351   -0.632    5.641    5.641
            0.000000  0.000000  1.000000
   -0.994   -0.994    5.636    5.636
           -0.005625  0.006875  1.000625
   -1.003   -0.985    5.633    5.636
           -0.011250  0.013750  1.001250
   -1.011   -0.975    5.622    5.638
           -0.016875  0.020625  1.001875
   -1.018   -0.964    5.605    5.640
           -0.022500  0.027500  1.002500
   -1.025   -0.953    5.550    5.644
           -0.028125  0.034375  1.003125
   -1.031   -0.940    5.489    5.649
           -0.033750  0.041250  1.003750
   -1.040   -0.932    5.452    5.619
           -0.039375  0.048125  1.004375
   -1.054   -0.924    5.408    5.619
           -0.045000  0.055000  1.005000
   -1.065   -0.910    5.360    5.591
           -0.050625  0.061875  1.005625
   -1.069   -0.895    5.306    5.599
           -0.056250  0.068750  1.006250
   -1.074   -0.884    5.245    5.607
           -0.061875  0.075625  1.006875
   -1.077   -0.867    5.182    5.617
           -0.067500  0.082500  1.007500
   -1.075   -0.849    5.121    5.635
           -0.073125  0.089375  1.008125
   -1.078   -0.830    5.050    5.647
           -0.078750  0.096250  1.008750
   -1.079   -0.816    4.982    5.675
           -0.084375  0.103125  1.009375
   -1.081   -0.796    4.904    5.688
           -0.090000  0.110000  1.010000
   -1.084   -0.775    4.824    5.703
           -0.095625  0.116875  1.010625
   -1.085   -0.748    4.746    5.726
           -0.101250  0.123750  1.011250
   -1.088   -0.726    4.661    5.742
           -0.106875  0.130625  1.011875
   -1.090   -0.702    4.575    5.760
           -0.112500  0.137500  1.012500
   -1.093   -0.678    4.488    5.778
           -0.118125  0.144375  1.013125
   -1.097   -0.653    4.400    5.797
           -0.123750  0.151250  1.013750
   -1.101   -0.628    4.312    5.817
           -0.129375  0.158125  1.014375
   -1.105   -0.601    4.224    5.839
           -0.135000  0.165000  1.015000
   -1.111   -0.573    4.136    5.861
           -0.140625  0.171875  1.015625
   -1.119   -0.550    4.048    5.884
           -0.146250  0.178750  1.016250
   -1.126   -0.521    3.962    5.908
           -0.151875  0.185625  1.016875
   -1.135   -0.491    3.878    5.933
           -0.157500  0.192500  1.017500
   -1.146   -0.461    3.795    5.958
           -0.163125  0.199375  1.018125
   -1.158   -0.429    3.715    5.985
           -0.168750  0.206250  1.018750
   -1.172   -0.396    3.637    6.012
           -0.174375  0.213125  1.019375
   -1.188   -0.363    3.561    6.041
           -0.180000  0.220000  1.020000
   -1.206   -0.328    3.489    6.070
           -0.185625  0.226875  1.020625
   -1.227   -0.293    3.420    6.100
           -0.191250  0.233750  1.021250
   -1.251   -0.256    3.355    6.131
           -0.196875  0.240625  1.021875
   -1.277   -0.219    3.294    6.163
           -0.202500  0.247500  1.022500
   -1.306   -0.181    3.236    6.196
           -0.208125  0.254375  1.023125
   -1.339   -0.141    3.183    6.230
           -0.213750  0.261250  1.023750
   -1.374   -0.101    3.135    6.264
           -0.219375  0.268125  1.024375
   -1.413   -0.059    3.091    6.299
           -0.225000  0.275000  1.025000
   -1.455   -0.017    3.052    6.335
