 &plot nbnd=  14, nks=   121 /
            0.500000  0.500000  0.500000
  -14.556  -14.556  -14.503  -14.427  -14.427  -14.275  -14.275  -14.248  -14.176  -14.176
   -1.636    0.979    6.016    6.016
            0.487500  0.487500  0.487500
  -14.556  -14.556  -14.503  -14.427  -14.427  -14.275  -14.275  -14.248  -14.176  -14.176
   -1.640    0.986    6.017    6.017
            0.475000  0.475000  0.475000
  -14.556  -14.556  -14.503  -14.427  -14.427  -14.275  -14.275  -14.248  -14.176  -14.176
   -1.654    1.009    6.021    6.021
            0.462500  0.462500  0.462500
  -14.556  -14.556  -14.503  -14.428  -14.428  -14.275  -14.275  -14.248  -14.176  -14.176
   -1.676    1.045    6.026    6.026
            0.450000  0.450000  0.450000
  -14.556  -14.556  -14.503  -14.428  -14.428  -14.275  -14.275  -14.247  -14.176  -14.176
   -1.707    1.096    6.034    6.034
            0.437500  0.437500  0.437500
  -14.556  -14.556  -14.504  -14.428  -14.428  -14.274  -14.274  -14.247  -14.176  -14.176
   -1.744    1.159    6.044    6.044
            0.425000  0.425000  0.425000
  -14.555  -14.555  -14.504  -14.429  -14.429  -14.274  -14.274  -14.246  -14.176  -14.176
   -1.787    1.233    6.056    6.056
            0.412500  0.412500  0.412500
  -14.555  -14.555  -14.505  -14.429  -14.429  -14.274  -14.274  -14.246  -14.177  -14.177
   -1.835    1.319    6.070    6.070
            0.400000  0.400000  0.400000
  -14.555  -14.555  -14.505  -14.430  -14.430  -14.273  -14.273  -14.245  -14.177  -14.177
   -1.887    1.414    6.086    6.086
            0.387500  0.387500  0.387500
  -14.555  -14.555  -14.506  -14.431  -14.431  -14.272  -14.272  -14.244  -14.177  -14.177
   -1.942    1.517    6.104    6.104
            0.375000  0.375000  0.375000
  -14.554  -14.554  -14.506  -14.431  -14.431  -14.272  -14.272  -14.244  -14.178  -14.178
   -1.999    1.628    6.125    6.125
            0.362500  0.362500  0.362500
  -14.554  -14.554  -14.507  -14.432  -14.432  -14.271  -14.271  -14.243  -14.178  -14.178
   -2.058    1.747    6.147    6.147
            0.350000  0.350000  0.350000
  -14.553  -14.553  -14.508  -14.433  -14.433  -14.270  -14.270  -14.242  -14.179  -14.179
   -2.118    1.871    6.172    6.172
            0.337500  0.337500  0.337500
  -14.553  -14.553  -14.509  -14.434  -14.434  -14.269  -14.269  -14.241  -14.180  -14.180
   -2.178    2.002    6.199    6.199
            0.325000  0.325000  0.325000
  -14.552  -14.552  -14.509  -14.436  -14.436  -14.268  -14.268  -14.240  -14.180  -14.180
   -2.237    2.137    6.227    6.227
            0.312500  0.312500  0.312500
  -14.551  -14.551  -14.510  -14.437  -14.437  -14.267  -14.267  -14.239  -14.181  -14.181
   -2.297    2.278    6.257    6.257
            0.300000  0.300000  0.300000
  -14.551  -14.551  -14.511  -14.438  -14.438  -14.266  -14.266  -14.238  -14.182  -14.182
   -2.355    2.422    6.289    6.289
            0.287500  0.287500  0.287500
  -14.550  -14.550  -14.512  -14.440  -14.440  -14.265  -14.265  -14.237  -14.183  -14.183
   -2.412    2.571    6.323    6.323
            0.275000  0.275000  0.275000
  -14.549  -14.549  -14.513  -14.441  -14.441  -14.264  -14.264  -14.236  -14.184  -14.184
   -2.468    2.723    6.359    6.359
            0.262500  0.262500  0.262500
  -14.548  -14.548  -14.514  -14.443  -14.443  -14.262  -14.262  -14.235  -14.185  -14.185
   -2.523    2.878    6.396    6.396
            0.250000  0.250000  0.250000
  -14.547  -14.547  -14.515  -14.445  -14.445  -14.261  -14.261  -14.234  -14.186  -14.186
   -2.575    3.037    6.434    6.434
            0.237500  0.237500  0.237500
  -14.546  -14.546  -14.516  -14.447  -14.447  -14.259  -14.259  -14.232  -14.187  -14.187
   -2.626    3.198    6.474    6.474
            0.225000  0.225000  0.225000
  -14.545  -14.545  -14.517  -14.449  -14.449  -14.257  -14.257  -14.231  -14.188  -14.188
   -2.674    3.361    6.515    6.515
            0.212500  0.212500  0.212500
  -14.544  -14.544  -14.517  -14.450  -14.450  -14.256  -14.256  -14.230  -14.189  -14.189
   -2.721    3.526    6.557    6.557
            0.200000  0.200000  0.200000
  -14.543  -14.543  -14.518  -14.452  -14.452  -14.254  -14.254  -14.229  -14.191  -14.191
   -2.765    3.693    6.600    6.600
            0.187500  0.187500  0.187500
  -14.541  -14.541  -14.519  -14.455  -14.455  -14.252  -14.252  -14.228  -14.192  -14.192
   -2.807    3.861    6.644    6.644
            0.175000  0.175000  0.175000
  -14.540  -14.540  -14.520  -14.457  -14.457  -14.250  -14.250  -14.227  -14.193  -14.193
   -2.846    4.030    6.688    6.688
            0.162500  0.162500  0.162500
  -14.539  -14.539  -14.521  -14.459  -14.459  -14.248  -14.248  -14.226  -14.195  -14.195
   -2.883    4.200    6.732    6.732
            0.150000  0.150000  0.150000
  -14.538  -14.538  -14.522  -14.461  -14.461  -14.246  -14.246  -14.225  -14.197  -14.197
   -2.917    4.370    6.776    6.776
            0.137500  0.137500  0.137500
  -14.536  -14.536  -14.522  -14.463  -14.463  -14.244  -14.244  -14.225  -14.198  -14.198
   -2.949    4.539    6.819    6.819
            0.125000  0.125000  0.125000
  -14.535  -14.535  -14.523  -14.465  -14.465  -14.242  -14.242  -14.224  -14.200  -14.200
   -2.978    4.707    6.861    6.861
            0.112500  0.112500  0.112500
  -14.534  -14.534  -14.523  -14.467  -14.467  -14.240  -14.240  -14.223  -14.202  -14.202
   -3.004    4.873    6.903    6.903
            0.100000  0.100000  0.100000
  -14.532  -14.532  -14.524  -14.469  -14.469  -14.237  -14.237  -14.223  -14.204  -14.204
   -3.028    5.036    6.942    6.942
            0.087500  0.087500  0.087500
  -14.531  -14.531  -14.525  -14.470  -14.470  -14.235  -14.235  -14.222  -14.205  -14.205
   -3.049    5.194    6.978    6.978
            0.075000  0.075000  0.075000
  -14.530  -14.530  -14.525  -14.472  -14.472  -14.233  -14.233  -14.221  -14.207  -14.207
   -3.067    5.346    7.012    7.012
            0.062500  0.062500  0.062500
  -14.529  -14.529  -14.525  -14.473  -14.473  -14.231  -14.231  -14.221  -14.209  -14.209
   -3.083    5.490    7.042    7.042
            0.050000  0.050000  0.050000
  -14.528  -14.528  -14.526  -14.475  -14.475  -14.229  -14.229  -14.221  -14.211  -14.211
   -3.095    5.621    7.067    7.067
            0.037500  0.037500  0.037500
  -14.527  -14.527  -14.526  -14.476  -14.476  -14.226  -14.226  -14.220  -14.213  -14.213
   -3.105    5.735    7.088    7.088
            0.025000  0.025000  0.025000
  -14.527  -14.527  -14.526  -14.476  -14.476  -14.224  -14.224  -14.220  -14.215  -14.215
   -3.112    5.826    7.103    7.103
            0.012500  0.012500  0.012500
  -14.526  -14.526  -14.526  -14.477  -14.477  -14.222  -14.222  -14.220  -14.218  -14.218
   -3.116    5.885    7.113    7.113
            0.000000  0.000000  0.000000
  -14.526  -14.526  -14.526  -14.477  -14.477  -14.220  -14.220  -14.220  -14.219  -14.219
   -3.118    5.906    7.116    7.116
            0.000000  0.000000  0.025000
  -14.526  -14.526  -14.526  -14.477  -14.477  -14.223  -14.220  -14.220  -14.220  -14.216
   -3.116    5.879    7.106    7.106
            0.000000  0.000000  0.050000
  -14.527  -14.526  -14.526  -14.477  -14.476  -14.227  -14.220  -14.220  -14.220  -14.213
   -3.110    5.803    7.078    7.078
            0.000000  0.000000  0.075000
  -14.527  -14.527  -14.527  -14.476  -14.474  -14.231  -14.220  -14.219  -14.219  -14.210
   -3.101    5.691    7.034    7.034
            0.000000  0.000000  0.100000
  -14.528  -14.527  -14.527  -14.475  -14.472  -14.236  -14.221  -14.218  -14.218  -14.207
   -3.088    5.557    6.976    6.976
            0.000000  0.000000  0.125000
  -14.529  -14.528  -14.528  -14.475  -14.470  -14.240  -14.222  -14.217  -14.217  -14.205
   -3.071    5.409    6.907    6.907
            0.000000  0.000000  0.150000
  -14.529  -14.529  -14.529  -14.473  -14.467  -14.245  -14.223  -14.216  -14.216  -14.203
   -3.050    5.251    6.828    6.828
            0.000000  0.000000  0.175000
  -14.530  -14.530  -14.530  -14.472  -14.463  -14.250  -14.224  -14.215  -14.215  -14.201
   -3.026    5.087    6.744    6.744
            0.000000  0.000000  0.200000
  -14.531  -14.531  -14.531  -14.471  -14.460  -14.255  -14.226  -14.214  -14.214  -14.199
   -2.998    4.919    6.655    6.655
            0.000000  0.000000  0.225000
  -14.532  -14.532  -14.531  -14.469  -14.456  -14.260  -14.227  -14.212  -14.212  -14.198
   -2.966    4.749    6.563    6.563
            0.000000  0.000000  0.250000
  -14.533  -14.533  -14.532  -14.467  -14.452  -14.266  -14.229  -14.210  -14.210  -14.197
   -2.930    4.577    6.469    6.469
            0.000000  0.000000  0.275000
  -14.535  -14.535  -14.532  -14.465  -14.447  -14.271  -14.231  -14.208  -14.208  -14.196
   -2.891    4.404    6.375    6.375
            0.000000  0.000000  0.300000
  -14.536  -14.536  -14.532  -14.463  -14.442  -14.277  -14.233  -14.206  -14.206  -14.195
   -2.848    4.231    6.281    6.281
            0.000000  0.000000  0.325000
  -14.538  -14.538  -14.532  -14.460  -14.437  -14.283  -14.236  -14.204  -14.204  -14.195
   -2.802    4.057    6.187    6.187
            0.000000  0.000000  0.350000
  -14.539  -14.539  -14.532  -14.458  -14.432  -14.289  -14.238  -14.202  -14.202  -14.195
   -2.751    3.883    6.095    6.095
            0.000000  0.000000  0.375000
  -14.541  -14.541  -14.532  -14.455  -14.427  -14.295  -14.241  -14.200  -14.200  -14.195
   -2.697    3.709    6.004    6.004
            0.000000  0.000000  0.400000
  -14.542  -14.542  -14.531  -14.452  -14.422  -14.301  -14.244  -14.197  -14.197  -14.196
   -2.640    3.536    5.916    5.916
            0.000000  0.000000  0.425000
  -14.544  -14.544  -14.531  -14.449  -14.416  -14.308  -14.247  -14.196  -14.195  -14.195
   -2.579    3.363    5.829    5.829
            0.000000  0.000000  0.450000
  -14.546  -14.546  -14.530  -14.446  -14.411  -14.314  -14.250  -14.197  -14.193  -14.193
   -2.514    3.191    5.746    5.746
            0.000000  0.000000  0.475000
  -14.547  -14.547  -14.529  -14.442  -14.405  -14.321  -14.253  -14.199  -14.190  -14.190
   -2.446    3.020    5.665    5.665
            0.000000  0.000000  0.500000
  -14.549  -14.549  -14.527  -14.439  -14.399  -14.327  -14.256  -14.200  -14.188  -14.188
   -2.374    2.849    5.587    5.587
            0.000000  0.000000  0.525000
  -14.551  -14.551  -14.526  -14.435  -14.393  -14.334  -14.260  -14.202  -14.185  -14.185
   -2.299    2.680    5.512    5.512
            0.000000  0.000000  0.550000
  -14.552  -14.552  -14.524  -14.431  -14.387  -14.340  -14.264  -14.204  -14.183  -14.183
   -2.220    2.511    5.440    5.440
            0.000000  0.000000  0.575000
  -14.554  -14.554  -14.522  -14.427  -14.381  -14.347  -14.268  -14.206  -14.181  -14.181
   -2.138    2.343    5.372    5.372
            0.000000  0.000000  0.600000
  -14.556  -14.556  -14.519  -14.423  -14.375  -14.354  -14.272  -14.209  -14.178  -14.178
   -2.053    2.177    5.307    5.307
            0.000000  0.000000  0.625000
  -14.557  -14.557  -14.517  -14.419  -14.369  -14.361  -14.276  -14.212  -14.176  -14.176
   -1.964    2.012    5.245    5.245
            0.000000  0.000000  0.650000
  -14.559  -14.559  -14.514  -14.414  -14.367  -14.363  -14.280  -14.215  -14.174  -14.174
   -1.871    1.849    5.188    5.188
            0.000000  0.000000  0.675000
  -14.560  -14.560  -14.511  -14.410  -14.374  -14.356  -14.284  -14.218  -14.172  -14.172
   -1.776    1.686    5.134    5.134
            0.000000  0.000000  0.700000
  -14.561  -14.561  -14.508  -14.406  -14.381  -14.350  -14.289  -14.222  -14.170  -14.170
   -1.677    1.526    5.083    5.083
            0.000000  0.000000  0.725000
  -14.562  -14.562  -14.505  -14.401  -14.387  -14.344  -14.293  -14.225  -14.169  -14.169
   -1.575    1.367    5.037    5.037
            0.000000  0.000000  0.750000
  -14.563  -14.563  -14.501  -14.396  -14.394  -14.338  -14.298  -14.229  -14.167  -14.167
   -1.470    1.209    4.994    4.994
            0.000000  0.000000  0.775000
  -14.564  -14.564  -14.497  -14.400  -14.391  -14.332  -14.302  -14.233  -14.165  -14.165
   -1.361    1.053    4.956    4.956
            0.000000  0.000000  0.800000
  -14.565  -14.565  -14.493  -14.407  -14.387  -14.325  -14.307  -14.238  -14.164  -14.164
   -1.250    0.900    4.921    4.921
            0.000000  0.000000  0.825000
  -14.566  -14.566  -14.489  -14.413  -14.382  -14.319  -14.312  -14.242  -14.163  -14.163
   -1.136    0.748    4.890    4.890
            0.000000  0.000000  0.850000
  -14.567  -14.567  -14.485  -14.419  -14.377  -14.317  -14.313  -14.247  -14.162  -14.162
   -1.018    0.598    4.864    4.864
            0.000000  0.000000  0.875000
  -14.568  -14.568  -14.480  -14.426  -14.372  -14.322  -14.307  -14.252  -14.161  -14.161
   -0.898    0.450    4.841    4.841
            0.000000  0.000000  0.900000
  -14.568  -14.568  -14.475  -14.432  -14.367  -14.327  -14.301  -14.257  -14.160  -14.160
   -0.775    0.304    4.823    4.823
            0.000000  0.000000  0.925000
  -14.568  -14.568  -14.471  -14.438  -14.362  -14.332  -14.295  -14.262  -14.159  -14.159
   -0.649    0.161    4.808    4.808
            0.000000  0.000000  0.950000
  -14.569  -14.569  -14.465  -14.443  -14.357  -14.337  -14.289  -14.267  -14.159  -14.159
   -0.521    0.020    4.798    4.798
            0.000000  0.000000  0.975000
  -14.569  -14.569  -14.460  -14.449  -14.352  -14.342  -14.284  -14.272  -14.159  -14.159
   -0.389   -0.119    4.792    4.792
            0.000000  0.000000  1.000000
  -14.569  -14.569  -14.455  -14.455  -14.347  -14.347  -14.278  -14.278  -14.159  -14.159
   -0.256   -0.256    4.790    4.790
           -0.005625  0.006875  1.000625
  -14.569  -14.569  -14.455  -14.455  -14.347  -14.347  -14.278  -14.278  -14.159  -14.159
   -0.259   -0.252    4.789    4.790
           -0.011250  0.013750  1.001250
  -14.569  -14.569  -14.455  -14.454  -14.347  -14.346  -14.278  -14.278  -14.159  -14.159
   -0.262   -0.249    4.785    4.791
           -0.016875  0.020625  1.001875
  -14.569  -14.569  -14.455  -14.454  -14.347  -14.346  -14.279  -14.278  -14.159  -14.158
   -0.266   -0.245    4.779    4.792
           -0.022500  0.027500  1.002500
  -14.569  -14.569  -14.455  -14.454  -14.347  -14.346  -14.279  -14.278  -14.159  -14.158
   -0.269   -0.241    4.771    4.793
           -0.028125  0.034375  1.003125
  -14.570  -14.569  -14.455  -14.453  -14.347  -14.346  -14.280  -14.278  -14.159  -14.158
   -0.273   -0.237    4.760    4.795
           -0.033750  0.041250  1.003750
  -14.570  -14.569  -14.455  -14.452  -14.348  -14.346  -14.280  -14.278  -14.159  -14.158
   -0.276   -0.232    4.747    4.797
           -0.039375  0.048125  1.004375
  -14.570  -14.569  -14.455  -14.452  -14.348  -14.346  -14.281  -14.278  -14.159  -14.157
   -0.280   -0.227    4.733    4.800
           -0.045000  0.055000  1.005000
  -14.571  -14.569  -14.455  -14.451  -14.348  -14.346  -14.282  -14.278  -14.159  -14.157
   -0.285   -0.222    4.716    4.803
           -0.050625  0.061875  1.005625
  -14.571  -14.569  -14.455  -14.450  -14.348  -14.346  -14.283  -14.278  -14.159  -14.157
   -0.289   -0.217    4.698    4.806
           -0.056250  0.068750  1.006250
  -14.571  -14.569  -14.455  -14.449  -14.348  -14.345  -14.284  -14.278  -14.159  -14.156
   -0.294   -0.210    4.678    4.810
           -0.061875  0.075625  1.006875
  -14.572  -14.569  -14.455  -14.447  -14.349  -14.345  -14.285  -14.278  -14.159  -14.156
   -0.299   -0.204    4.656    4.814
           -0.067500  0.082500  1.007500
  -14.572  -14.569  -14.455  -14.446  -14.349  -14.345  -14.286  -14.278  -14.159  -14.155
   -0.304   -0.197    4.634    4.819
           -0.073125  0.089375  1.008125
  -14.573  -14.569  -14.455  -14.445  -14.349  -14.345  -14.287  -14.278  -14.159  -14.155
   -0.310   -0.190    4.610    4.824
           -0.078750  0.096250  1.008750
  -14.573  -14.569  -14.455  -14.443  -14.349  -14.345  -14.289  -14.278  -14.159  -14.154
   -0.316   -0.182    4.585    4.829
           -0.084375  0.103125  1.009375
  -14.574  -14.569  -14.455  -14.442  -14.350  -14.345  -14.290  -14.278  -14.159  -14.154
   -0.323   -0.173    4.559    4.835
           -0.090000  0.110000  1.010000
  -14.574  -14.569  -14.455  -14.440  -14.350  -14.344  -14.292  -14.278  -14.159  -14.153
   -0.330   -0.164    4.533    4.841
           -0.095625  0.116875  1.010625
  -14.575  -14.569  -14.455  -14.439  -14.350  -14.344  -14.293  -14.278  -14.159  -14.153
   -0.338   -0.155    4.506    4.848
           -0.101250  0.123750  1.011250
  -14.576  -14.569  -14.454  -14.437  -14.350  -14.344  -14.295  -14.278  -14.158  -14.152
   -0.345   -0.145    4.479    4.855
           -0.106875  0.130625  1.011875
  -14.576  -14.569  -14.454  -14.435  -14.351  -14.344  -14.297  -14.278  -14.158  -14.152
   -0.354   -0.135    4.452    4.862
           -0.112500  0.137500  1.012500
  -14.577  -14.569  -14.454  -14.433  -14.351  -14.343  -14.298  -14.278  -14.158  -14.151
   -0.363   -0.124    4.424    4.870
           -0.118125  0.144375  1.013125
  -14.577  -14.569  -14.454  -14.431  -14.351  -14.343  -14.300  -14.278  -14.158  -14.150
   -0.372   -0.112    4.397    4.878
           -0.123750  0.151250  1.013750
  -14.578  -14.569  -14.454  -14.429  -14.352  -14.343  -14.302  -14.278  -14.158  -14.150
   -0.382   -0.100    4.369    4.886
           -0.129375  0.158125  1.014375
  -14.579  -14.569  -14.454  -14.427  -14.352  -14.343  -14.304  -14.278  -14.158  -14.149
   -0.392   -0.087    4.342    4.895
           -0.135000  0.165000  1.015000
  -14.579  -14.569  -14.454  -14.425  -14.353  -14.342  -14.306  -14.278  -14.158  -14.149
   -0.403   -0.074    4.315    4.904
           -0.140625  0.171875  1.015625
  -14.580  -14.569  -14.454  -14.423  -14.353  -14.342  -14.308  -14.278  -14.158  -14.148
   -0.415   -0.061    4.288    4.914
           -0.146250  0.178750  1.016250
  -14.580  -14.569  -14.454  -14.421  -14.353  -14.342  -14.310  -14.278  -14.158  -14.148
   -0.427   -0.046    4.262    4.924
           -0.151875  0.185625  1.016875
  -14.581  -14.569  -14.454  -14.418  -14.354  -14.342  -14.312  -14.278  -14.158  -14.147
   -0.439   -0.032    4.237    4.934
           -0.157500  0.192500  1.017500
  -14.582  -14.569  -14.454  -14.416  -14.354  -14.341  -14.315  -14.278  -14.158  -14.147
   -0.452   -0.016    4.212    4.945
           -0.163125  0.199375  1.018125
  -14.582  -14.569  -14.454  -14.414  -14.355  -14.341  -14.317  -14.278  -14.158  -14.146
   -0.466   -0.001    4.187    4.956
           -0.168750  0.206250  1.018750
  -14.583  -14.569  -14.454  -14.411  -14.355  -14.341  -14.319  -14.278  -14.158  -14.146
   -0.480    0.016    4.164    4.967
           -0.174375  0.213125  1.019375
  -14.583  -14.569  -14.454  -14.409  -14.356  -14.340  -14.321  -14.279  -14.158  -14.145
   -0.495    0.033    4.141    4.979
           -0.180000  0.220000  1.020000
  -14.584  -14.569  -14.454  -14.406  -14.356  -14.340  -14.324  -14.279  -14.158  -14.145
   -0.510    0.050    4.119    4.991
           -0.185625  0.226875  1.020625
  -14.584  -14.569  -14.454  -14.404  -14.357  -14.339  -14.326  -14.279  -14.158  -14.144
   -0.526    0.068    4.098    5.004
           -0.191250  0.233750  1.021250
  -14.584  -14.569  -14.454  -14.401  -14.357  -14.339  -14.328  -14.279  -14.158  -14.144
   -0.542    0.087    4.077    5.017
           -0.196875  0.240625  1.021875
  -14.585  -14.569  -14.454  -14.399  -14.358  -14.339  -14.331  -14.279  -14.158  -14.143
   -0.559    0.106    4.058    5.030
           -0.202500  0.247500  1.022500
  -14.585  -14.569  -14.454  -14.396  -14.359  -14.338  -14.333  -14.279  -14.158  -14.143
   -0.576    0.125    4.040    5.043
           -0.208125  0.254375  1.023125
  -14.586  -14.569  -14.454  -14.394  -14.359  -14.338  -14.335  -14.279  -14.158  -14.143
   -0.595    0.146    4.023    5.057
           -0.213750  0.261250  1.023750
  -14.586  -14.569  -14.454  -14.391  -14.360  -14.338  -14.337  -14.279  -14.158  -14.142
   -0.613    0.166    4.006    5.071
           -0.219375  0.268125  1.024375
  -14.586  -14.569  -14.453  -14.388  -14.361  -14.340  -14.337  -14.279  -14.158  -14.142
   -0.632    0.188    3.991    5.086
           -0.225000  0.275000  1.025000
  -14.586  -14.569  -14.453  -14.386  -14.361  -14.342  -14.336  -14.279  -14.158  -14.142
   -0.652    0.210    3.977    5.100
